72 75 50 49 9 100 46 89 5 75 
36 22 16 75 6 26 69 49 95 35 
49 29 94 45 43 52 36 81 3 52 
69 81 22 0 92 91 91 35 3 92 
3 69 16 64 83 66 3 24 91 99 
20 26 50 94 97 19 53 60 88 94 
37 16 68 66 67 68 13 30 52 44 
33 26 18 3 93 40 47 7 79 91 
20 20 27 72 85 55 67 10 45 23 
78 81 25 65 12 6 79 72 100 39 
58 82 34 45 37 97 90 91 90 87 
29 6 44 98 46 71 100 53 63 67 
84 1 43 92 49 47 90 46 13 14 
71 35 23 62 12 92 59 91 67 14 
24 2 7 4 43 7 29 60 31 87 
2 63 62 88 11 18 67 69 77 93 
96 89 73 26 9 24 26 24 55 89 
8 13 25 83 85 28 85 90 70 76 
10 68 60 51 82 69 35 16 100 51 
67 39 75 22 42 37 25 8 67 39 
